A = 0.0965011
B = 0.117129
C = 0.115544
D = 0.0939798
E = 0.0949188
F = 0.0928568
G = 0.0911109
H = 0.084697
I = 0.0948692
J = 0.118393
