A = 0.31746
B = 0.31746
C = 0.31746
D = 0.047619
